Root element :queries
----------------------------
34952194402811904
35048150574039040
35088534306033665
32851298193768448
33581589627666432
35005178885181441
35109758973255680
34668458591395840
35090855064764416
31443107291598848
34199299428581376
32181966761631744
29565006546735104
32778015167479808
31688182005235712
29585186899365888
32879343399084032
30188073790742528
34754540519563264
34146608102772736
31185639047172097
32563233118224385
35066441501900800
35022813232373760
33251413001764864
33527910379814912
33379210437337088
30396111764066304
34779934836785152
35108366829232128
33445664922800129
33346093525762048
30708594202648576
33656631187210241
29437816727404544
29674954899333120
33224462191038464
32419560749531136
31052423128686592
32174687102435328
32134993337647104
34714824982134784
31261786745339904
30982361281728512
32421023961841667
35104330025541632
34766556445540352
32009428471386112
32569981321347074
29723425576587264
Root element :queries
----------------------------
35124912364457984
33199275462627328
35123660406657024
34836253874593792
34782005925249024
33375478505013248
32919462151720960
35043166813949952
35012866822119424
34436767029399552
34695232985645056
35111217613766657
33986811273420800
35002593419726848
34438945404092416
33684239400566784
34414281218859008
32532358276063232
35073980729802752
34729342210678784
31692185296441344
32187009527193600
33505508052701184
34509105032859648
35094611483426816
34922941233762304
34580405671698432
35066972253192192
33616636950880256
35067092726185984
34846177434275840
33190436147306496
34913594311311361
35060229741744128
34764832553041920
32075949373652992
35114725998215168
34775520600129536
32987948139941888
34921291089711104
31492039682039808
34780760116305920
34936026753404928
34971360627261440
35092866069962752
31146959217631232
35100296694861824
34856175732264960
35105993557807104
34737748464115712
35017330933108736
35051942250020864
34763068797886464
34637550534529026
34803471081275392
34915635595059201
34941706969288704
33823828090036224
34390055866859520
34838554811043840
